1 0.000000
2 0.000000
3 0.000001
4 0.000000
5 0.000000
6 0.000001
7 0.000001
8 0.000000
9 0.000001
10 0.000001
11 0.000002
12 0.000001
13 0.000002
14 0.000002
15 0.000002
16 0.000003
17 0.000003
18 0.000003
19 0.000003
20 0.000003
21 0.000004
22 0.000004
23 0.000006
24 0.000007
25 0.000006
26 0.000007
27 0.000007
28 0.000007
29 0.000008
30 0.000008
31 0.000009
32 0.000009
33 0.000010
34 0.000014
35 0.000011
36 0.000011
37 0.000030
38 0.000013
39 0.000013
40 0.000014
41 0.000014
42 0.000015
43 0.000016
44 0.000016
45 0.000017
46 0.000018
47 0.000018
48 0.000020
49 0.000020
50 0.000021
51 0.000022
52 0.000023
53 0.000023
54 0.000025
55 0.000031
56 0.000032
57 0.000027
58 0.000028
59 0.000029
60 0.000030
61 0.000030
62 0.000032
63 0.000033
64 0.000033
65 0.000035
66 0.000036
67 0.000009
68 0.000009
69 0.000010
70 0.000010
71 0.000010
72 0.000010
73 0.000011
74 0.000011
75 0.000012
76 0.000012
77 0.000013
78 0.000013
79 0.000013
80 0.000013
81 0.000013
82 0.000014
83 0.000015
84 0.000022
85 0.000033
86 0.000024
87 0.000024
88 0.000020
89 0.000026
90 0.000024
91 0.000020
92 0.000020
93 0.000020
94 0.000025
95 0.000021
96 0.000022
97 0.000022
98 0.000023
99 0.000023
100 0.000023
101 0.000024
102 0.000023
103 0.000022
104 0.000022
105 0.000023
106 0.000023
107 0.000023
108 0.000024
109 0.000025
110 0.000025
111 0.000026
112 0.000026
113 0.000027
114 0.000027
115 0.000027
116 0.000028
117 0.000028
118 0.000029
119 0.000029
120 0.000029
121 0.000031
122 0.000031
123 0.000035
124 0.000035
125 0.000035
126 0.000037
127 0.000033
128 0.000034
129 0.000035
130 0.000035
131 0.000041
132 0.000036
133 0.000037
134 0.000036
135 0.000037
136 0.000038
137 0.000039
138 0.000040
139 0.000039
140 0.000040
141 0.000041
142 0.000042
143 0.000042
144 0.000043
145 0.000043
146 0.000044
147 0.000044
148 0.000045
149 0.000045
150 0.000054
151 0.000054
152 0.000055
153 0.000057
154 0.000056
155 0.000056
156 0.000057
157 0.000058
158 0.000059
159 0.000060
160 0.000060
161 0.000061
162 0.000061
163 0.000062
164 0.000064
165 0.000065
166 0.000065
167 0.000066
168 0.000067
169 0.000068
170 0.000069
171 0.000069
172 0.000070
173 0.000070
174 0.000079
175 0.000095
176 0.000073
177 0.000074
178 0.000074
179 0.000075
180 0.000076
181 0.000077
182 0.000078
183 0.000079
184 0.000080
185 0.000080
186 0.000081
187 0.000073
188 0.000075
189 0.000076
190 0.000077
191 0.000075
192 0.000076
193 0.000077
194 0.000078
195 0.000078
196 0.000079
197 0.000079
198 0.000081
199 0.000082
200 0.000082
201 0.000093
202 0.000084
203 0.000084
204 0.000085
205 0.000086
206 0.000086
207 0.000088
208 0.000089
209 0.000090
210 0.000090
211 0.000102
212 0.000106
213 0.000111
214 0.000135
215 0.000109
216 0.000110
217 0.000110
218 0.000141
219 0.000120
220 0.000114
221 0.000115
222 0.000121
223 0.000120
224 0.000118
225 0.000120
226 0.000120
227 0.000122
228 0.000122
229 0.000123
230 0.000124
231 0.000121
232 0.000110
233 0.000111
234 0.000112
235 0.000113
236 0.000114
237 0.000115
238 0.000116
239 0.000117
240 0.000135
241 0.000120
242 0.000120
243 0.000122
244 0.000123
245 0.000124
246 0.000124
247 0.000126
248 0.000127
249 0.000137
250 0.000132
251 0.000143
252 0.000232
253 0.000167
254 0.000169
255 0.000154
256 0.000155
257 0.000157
258 0.000193
259 0.000160
260 0.000160
261 0.000162
262 0.000160
263 0.000155
264 0.000166
265 0.000172
266 0.000169
267 0.000171
268 0.000172
269 0.000174
270 0.000174
271 0.000177
272 0.000179
273 0.000180
274 0.000182
275 0.000183
276 0.000185
277 0.000226
278 0.000188
279 0.000189
280 0.000165
281 0.000167
282 0.000169
283 0.000170
284 0.000172
285 0.000198
286 0.000183
287 0.000175
288 0.000176
289 0.000177
290 0.000178
291 0.000179
292 0.000195
293 0.000182
294 0.000184
295 0.000185
296 0.000190
297 0.000191
298 0.000208
299 0.000193
300 0.000194
301 0.000219
302 0.000197
303 0.000199
304 0.000201
305 0.000201
306 0.000203
307 0.000204
308 0.000206
309 0.000207
310 0.000208
311 0.000210
312 0.000211
313 0.000212
314 0.000220
315 0.000230
316 0.000231
317 0.000233
318 0.000233
319 0.000221
320 0.000222
321 0.000223
322 0.000225
323 0.000226
324 0.000228
325 0.000229
326 0.000230
327 0.000232
328 0.000263
329 0.000234
330 0.000235
331 0.000237
332 0.000239
333 0.000240
334 0.000241
335 0.000243
336 0.000248
337 0.000258
338 0.000249
339 0.000245
340 0.000253
341 0.000253
342 0.000254
343 0.000260
344 0.000257
345 0.000259
346 0.000260
347 0.000267
348 0.000267
349 0.000268
350 0.000270
351 0.000267
352 0.000268
353 0.000270
354 0.000272
355 0.000279
356 0.000281
357 0.000283
358 0.000284
359 0.000286
360 0.000282
361 0.000289
362 0.000291
363 0.000285
364 0.000294
365 0.000296
366 0.000297
367 0.000300
368 0.000299
369 0.000297
370 0.000301
371 0.000306
372 0.000304
373 0.000309
374 0.000311
375 0.000345
376 0.000315
377 0.000309
378 0.000325
379 0.000348
380 0.000336
381 0.000336
382 0.000338
383 0.000327
384 0.000328
385 0.000330
386 0.000333
387 0.000332
388 0.000335
389 0.000338
390 0.000339
391 0.000334
392 0.000336
393 0.000345
394 0.000346
395 0.000346
396 0.000349
397 0.000350
398 0.000345
399 0.000356
400 0.000357
401 0.000359
402 0.000361
403 0.000363
404 0.000365
405 0.000367
406 0.000368
407 0.000370
408 0.000372
409 0.000374
410 0.000376
411 0.000401
412 0.000407
413 0.000406
414 0.000403
415 0.000386
416 0.000387
417 0.000389
418 0.000391
419 0.000393
420 0.000395
421 0.000396
422 0.000398
423 0.000400
424 0.000403
425 0.000406
426 0.000406
427 0.000403
428 0.000408
429 0.000411
430 0.000412
431 0.000411
432 0.000420
433 0.000420
434 0.000421
435 0.000423
436 0.000426
437 0.000419
438 0.000430
439 0.000433
440 0.000428
441 0.000437
442 0.000439
443 0.000466
444 0.000468
445 0.000470
446 0.000496
447 0.000455
448 0.000441
449 0.000453
450 0.000444
451 0.000454
452 0.000459
453 0.000462
454 0.000523
455 0.000498
456 0.000467
457 0.000474
458 0.000467
459 0.000464
460 0.000465
461 0.000483
462 0.000468
463 0.000483
464 0.000484
465 0.000535
466 0.000491
467 0.000480
468 0.000488
469 0.000485
470 0.000499
471 0.000500
472 0.000516
473 0.000504
474 0.000506
475 0.000535
476 0.000542
477 0.000546
478 0.000546
479 0.000526
480 0.000527
481 0.000523
482 0.000514
483 0.000527
484 0.000528
485 0.000531
486 0.000534
487 0.000536
488 0.000543
489 0.000542
490 0.000543
491 0.000543
492 0.000546
493 0.000537
494 0.000550
495 0.000554
496 0.000558
497 0.000572
498 0.000563
499 0.000566
500 0.000567
501 0.000571
502 0.000574
503 0.000576
504 0.000577
505 0.000582
506 0.000891
507 0.000632
508 0.000623
509 0.000620
510 0.000620
511 0.000589
512 0.000581
513 0.000595
514 0.000608
515 0.000602
516 0.000603
517 0.000607
518 0.000608
519 0.000611
520 0.000613
521 0.000616
522 0.000628
523 0.000617
524 0.000624
525 0.000613
526 0.000631
527 0.000633
528 0.000621
529 0.000673
530 0.000638
531 0.000639
532 0.000642
533 0.000646
534 0.000649
535 0.000649
536 0.000652
537 0.000657
538 0.000666
539 0.000685
540 0.000699
541 0.000702
542 0.000703
543 0.000671
544 0.000671
545 0.000675
546 0.000676
547 0.000681
548 0.000683
549 0.000687
550 0.000689
551 0.000692
552 0.000701
553 0.000694
554 0.000697
555 0.000700
556 0.000698
557 0.000701
558 0.000711
559 0.000709
560 0.001048
561 0.001141
562 0.001016
563 0.000711
564 0.000723
565 0.000729
566 0.000729
567 0.000732
568 0.000734
569 0.000735
570 0.000738
571 0.000776
572 0.000780
573 0.000779
574 0.000784
575 0.000753
576 0.000743
577 0.000757
578 0.000759
579 0.000769
580 0.000769
581 0.000771
582 0.000908
583 0.000861
584 0.000893
585 0.000870
586 0.000750
587 0.001150
588 0.000784
589 0.000788
590 0.001237
591 0.000893
592 0.000765
593 0.000847
594 0.000797
595 0.000805
596 0.000950
597 0.000809
598 0.000798
599 0.000814
600 0.000805
601 0.000883
602 0.000811
603 0.000864
604 0.000865
605 0.000870
606 0.000872
607 0.000847
608 0.000854
609 0.000847
610 0.000851
611 0.000853
612 0.000855
613 0.000858
614 0.000866
615 0.000866
616 0.000868
617 0.000871
618 0.000874
619 0.000881
620 0.000876
621 0.000879
622 0.000884
623 0.000900
624 0.000902
625 0.000898
626 0.000900
627 0.000909
628 0.000905
629 0.000909
630 0.000917
631 0.000953
632 0.000921
633 0.000924
634 0.000929
635 0.000957
636 0.000960
637 0.000965
638 0.000972
639 0.000946
640 0.000960
641 0.000951
642 0.000961
643 0.000956
644 0.000962
645 0.000964
646 0.000965
647 0.001085
648 0.000977
649 0.000989
650 0.000990
651 0.000965
652 0.000988
653 0.000994
654 0.001033
655 0.001016
656 0.001012
657 0.001010
658 0.001017
659 0.001014
660 0.001060
661 0.001022
662 0.001025
663 0.001036
664 0.001040
665 0.001044
666 0.001047
667 0.001099
668 0.001075
669 0.001071
670 0.001101
671 0.001060
672 0.001083
673 0.001080
674 0.001087
675 0.001070
676 0.001073
677 0.001077
678 0.001092
679 0.001105
680 0.001116
681 0.001099
682 0.001103
683 0.001105
684 0.001103
685 0.001113
686 0.001110
687 0.001122
688 0.001122
689 0.001125
690 0.001128
691 0.001129
692 0.001145
693 0.001147
694 0.001141
695 0.001144
696 0.001148
697 0.001151
698 0.001155
699 0.001165
700 0.001168
701 0.001172
702 0.001193
703 0.001172
704 0.001197
705 0.001179
706 0.001204
707 0.001239
708 0.001247
709 0.001205
710 0.001225
711 0.001243
712 0.001186
713 0.001187
714 0.001267
715 0.001213
716 0.001226
717 0.001247
718 0.001242
719 0.001280
720 0.001230
721 0.001241
722 0.001235
723 0.001278
724 0.001247
725 0.001242
726 0.001332
727 0.001264
728 0.001266
729 0.001256
730 0.001280
731 0.001268
732 0.001370
733 0.001300
734 0.001323
735 0.001283
736 0.001342
737 0.001326
738 0.001293
739 0.001299
740 0.001303
741 0.001307
742 0.001308
743 0.001339
744 0.001380
745 0.001344
746 0.001327
747 0.001329
748 0.001457
749 0.001350
750 0.001338
751 0.001320
752 0.001421
753 0.001496
754 0.001483
755 0.001369
756 0.001365
757 0.001369
758 0.001405
759 0.001407
760 0.001380
761 0.001392
762 0.001394
763 0.001405
764 0.001384
765 0.001394
766 0.001397
767 0.001409
768 0.001418
769 0.001412
770 0.001414
771 0.001422
772 0.001446
773 0.001428
774 0.001468
775 0.001453
776 0.001437
777 0.001440
778 0.001454
779 0.001467
780 0.001450
781 0.001455
782 0.001457
783 0.001462
784 0.001608
785 0.001489
786 0.001473
787 0.001493
788 0.001499
789 0.001483
790 0.001490
791 0.001483
792 0.001491
793 0.001510
794 0.001499
795 0.001498
796 0.001503
797 0.001505
798 0.001555
799 0.001533
800 0.001525
801 0.001585
802 0.001611
803 0.001535
804 0.001553
805 0.001573
806 0.001582
807 0.001572
808 0.001594
809 0.001577
810 0.001561
811 0.001563
812 0.001595
813 0.001634
814 0.001575
815 0.001618
816 0.001673
817 0.001589
818 0.001616
819 0.001597
820 0.001640
821 0.001606
822 0.001609
823 0.001632
824 0.001617
825 0.001640
826 0.001642
827 0.001631
828 0.001624
829 0.001627
830 0.001631
831 0.001680
832 0.001647
833 0.001667
834 0.001672
835 0.001665
836 0.001677
837 0.001669
838 0.001691
839 0.001713
840 0.001680
841 0.001708
842 0.001746
843 0.001748
844 0.001717
845 0.001761
846 0.001748
847 0.001721
848 0.001734
849 0.001738
850 0.001758
851 0.001746
852 0.001773
853 0.001783
854 0.001738
855 0.001741
856 0.001783
857 0.001778
858 0.001774
859 0.001750
860 0.001817
861 0.001758
862 0.001760
863 0.001774
864 0.001797
865 0.001780
866 0.001856
867 0.001809
868 0.001854
869 0.001860
870 0.001826
871 0.001849
872 0.001831
873 0.001855
874 0.001840
875 0.001858
876 0.001885
877 0.001831
878 0.001872
879 0.001849
880 0.001880
881 0.001886
882 0.001871
883 0.001876
884 0.001913
885 0.001944
886 0.001930
887 0.001872
888 0.001896
889 0.001930
890 0.001950
891 0.001902
892 0.001915
893 0.001914
894 0.001940
895 0.001964
896 0.001954
897 0.001990
898 0.001990
899 0.001945
900 0.001930
901 0.001935
902 0.001959
903 0.001943
904 0.001996
905 0.001997
906 0.002007
907 0.002017
908 0.001982
909 0.001986
910 0.002011
911 0.002036
912 0.002030
913 0.002030
914 0.002062
915 0.002031
916 0.002022
917 0.002004
918 0.002006
919 0.002049
920 0.002154
921 0.002081
922 0.002229
923 0.002133
924 0.002005
925 0.002088
926 0.002052
927 0.002085
928 0.002095
929 0.002076
930 0.002080
931 0.002110
932 0.002142
933 0.002096
934 0.002154
935 0.002083
936 0.002148
937 0.002128
938 0.002135
939 0.002143
940 0.002121
941 0.002217
942 0.002132
943 0.002154
944 0.002178
945 0.002260
946 0.002228
947 0.002262
948 0.002142
949 0.002124
950 0.002194
951 0.002179
952 0.002159
953 0.002203
954 0.002225
955 0.002174
956 0.002214
957 0.002191
958 0.002244
959 0.002247
960 0.002220
961 0.002372
962 0.002252
963 0.002210
964 0.002238
965 0.002257
966 0.002346
967 0.002289
968 0.002306
969 0.002238
970 0.002297
971 0.002295
972 0.002285
973 0.002271
974 0.002279
975 0.002284
976 0.002318
977 0.002365
978 0.002276
979 0.002339
980 0.002370
981 0.002332
982 0.002358
983 0.002380
984 0.002352
985 0.002376
986 0.002336
987 0.002359
988 0.002378
989 0.002345
990 0.002378
991 0.002415
992 0.002393
993 0.002431
994 0.002424
995 0.002420
996 0.002384
997 0.002632
998 0.002730
999 0.003102
